{
 "cells": [
  {
   "cell_type": "code",
   "execution_count": 8,
   "metadata": {},
   "outputs": [],
   "source": [
    "import numpy as np"
   ]
  },
  {
   "cell_type": "code",
   "execution_count": 9,
   "metadata": {},
   "outputs": [],
   "source": [
    "def G(x):\n",
    "    grad = np.zeros(4).reshape(4,1)\n",
    "    grad[0] = 2 * (x[0] + 10 * x[1]) + 40 * (x[0] - x[3]) ** 3\n",
    "    grad[1] = 20 * (x[0] + 10 * x[1]) + 4 * (x[1] - 2 * x[2]) ** 3\n",
    "    grad[2] = 10 * (x[2] - x[3]) - 8 * (x[1] - 2 * x[2]) ** 3\n",
    "    grad[3] = -10 * (x[2] - x[3]) - 40 * (x[0] - x[3]) ** 3\n",
    "    return grad"
   ]
  },
  {
   "cell_type": "code",
   "execution_count": 10,
   "metadata": {},
   "outputs": [
    {
     "name": "stdout",
     "output_type": "stream",
     "text": [
      "[[ 306.]\n",
      " [-144.]\n",
      " [  -2.]\n",
      " [-310.]]\n"
     ]
    }
   ],
   "source": [
    "x = np.array([3,-1,0,1]).reshape(4,1)\n",
    "g = G(x)\n",
    "print(g)"
   ]
  },
  {
   "cell_type": "code",
   "execution_count": 11,
   "metadata": {},
   "outputs": [],
   "source": [
    "def H(x):\n",
    "    hes = np.zeros([4,4])\n",
    "    hes[0][0] = 2 + 120 * (x[0] - x[3]) ** 2\n",
    "    hes[0][1] = 20\n",
    "    hes[0][3] = -120 * (x[0] - x[3]) ** 2\n",
    "    hes[1][0] = 20\n",
    "    hes[1][1] = 200 + 12 * (x[1] - 2 * x[2]) ** 2\n",
    "    hes[1][2] = -24 * (x[1] - 2 * x[2]) ** 2\n",
    "    hes[2][1] = -24 * (x[1] - 2 * x[2]) ** 2\n",
    "    hes[2][2] = 10 + 48 * (x[1] - 2 * x[2]) ** 2\n",
    "    hes[2][3] = -10\n",
    "    hes[3][0] = -120 * (x[0] -x[3]) ** 2\n",
    "    hes[3][2] = -10\n",
    "    hes[3][3] = 10 + 120 * (x[0] - x[3]) ** 2\n",
    "    return hes"
   ]
  },
  {
   "cell_type": "code",
   "execution_count": 12,
   "metadata": {},
   "outputs": [
    {
     "name": "stdout",
     "output_type": "stream",
     "text": [
      "[[ 482.   20.    0. -480.]\n",
      " [  20.  212.  -24.    0.]\n",
      " [   0.  -24.   58.  -10.]\n",
      " [-480.    0.  -10.  490.]]\n",
      "[[ 0.11262283 -0.00888133  0.0154006   0.1106387 ]\n",
      " [-0.00888133  0.00565004  0.00084089 -0.00868292]\n",
      " [ 0.0154006   0.00084089  0.02026172  0.01549981]\n",
      " [ 0.1106387  -0.00868292  0.01549981  0.11073791]]\n"
     ]
    }
   ],
   "source": [
    "h = H(x)\n",
    "h_inv = np.linalg.inv(h)\n",
    "print(h)\n",
    "print(h_inv)"
   ]
  },
  {
   "cell_type": "code",
   "execution_count": 13,
   "metadata": {},
   "outputs": [
    {
     "name": "stdout",
     "output_type": "stream",
     "text": [
      "iteration 1\n",
      "h =  [[ 482.   20.    0. -480.]\n",
      " [  20.  212.  -24.    0.]\n",
      " [   0.  -24.   58.  -10.]\n",
      " [-480.    0.  -10.  490.]]\n",
      "g =  [[ 306.]\n",
      " [-144.]\n",
      " [  -2.]\n",
      " [-310.]]\n",
      "h_inv =  [[ 0.11262283 -0.00888133  0.0154006   0.1106387 ]\n",
      " [-0.00888133  0.00565004  0.00084089 -0.00868292]\n",
      " [ 0.0154006   0.00084089  0.02026172  0.01549981]\n",
      " [ 0.1106387  -0.00868292  0.01549981  0.11073791]]\n",
      "x_new =  [[ 1.58730159]\n",
      " [-0.15873016]\n",
      " [ 0.25396825]\n",
      " [ 0.25396825]]\n",
      "iteration 2\n",
      "h =  [[ 215.33333333   20.            0.         -213.33333333]\n",
      " [  20.          205.33333333  -10.66666667    0.        ]\n",
      " [   0.          -10.66666667   31.33333333  -10.        ]\n",
      " [-213.33333333    0.          -10.          223.33333333]]\n",
      "g =  [[ 94.81481481]\n",
      " [ -1.18518519]\n",
      " [  2.37037037]\n",
      " [-94.81481481]]\n",
      "h_inv =  [[ 0.13860544 -0.01147959  0.03890306  0.13414116]\n",
      " [-0.01147959  0.00590986 -0.00150935 -0.01103316]\n",
      " [ 0.03890306 -0.00150935  0.04388818  0.03912628]\n",
      " [ 0.13414116 -0.01103316  0.03912628  0.13436437]]\n",
      "x_new =  [[ 1.05820106]\n",
      " [-0.10582011]\n",
      " [ 0.16931217]\n",
      " [ 0.16931217]]\n",
      "iteration 3\n",
      "h =  [[ 96.81481481  20.           0.         -94.81481481]\n",
      " [ 20.         202.37037037  -4.74074074   0.        ]\n",
      " [  0.          -4.74074074  19.48148148 -10.        ]\n",
      " [-94.81481481   0.         -10.         104.81481481]]\n",
      "g =  [[ 28.09327846]\n",
      " [ -0.35116598]\n",
      " [  0.70233196]\n",
      " [-28.09327846]]\n",
      "h_inv =  [[ 0.19706633 -0.01732568  0.09178359  0.18702168]\n",
      " [-0.01732568  0.00649447 -0.00679741 -0.01632122]\n",
      " [ 0.09178359 -0.00679741  0.09704773  0.09228582]\n",
      " [ 0.18702168 -0.01632122  0.09228582  0.18752392]]\n",
      "x_new =  [[ 0.70546737]\n",
      " [-0.07054674]\n",
      " [ 0.11287478]\n",
      " [ 0.11287478]]\n"
     ]
    }
   ],
   "source": [
    "x = np.array([3,-1,0,1]).reshape(4,1)\n",
    "for i in range(3):\n",
    "    print('iteration',i+1)\n",
    "    h = H(x)\n",
    "    print('h = ',h)\n",
    "    g = G(x)\n",
    "    print('g = ',g)\n",
    "    h_inv = np.linalg.inv(h)\n",
    "    print('h_inv = ',h_inv)\n",
    "    x = x - np.matmul(h_inv,g)\n",
    "    print('x_new = ',x)"
   ]
  },
  {
   "cell_type": "code",
   "execution_count": null,
   "metadata": {},
   "outputs": [],
   "source": []
  },
  {
   "cell_type": "code",
   "execution_count": null,
   "metadata": {},
   "outputs": [],
   "source": []
  }
 ],
 "metadata": {
  "kernelspec": {
   "display_name": "Python 3",
   "language": "python",
   "name": "python3"
  },
  "language_info": {
   "codemirror_mode": {
    "name": "ipython",
    "version": 3
   },
   "file_extension": ".py",
   "mimetype": "text/x-python",
   "name": "python",
   "nbconvert_exporter": "python",
   "pygments_lexer": "ipython3",
   "version": "3.6.5"
  }
 },
 "nbformat": 4,
 "nbformat_minor": 2
}
